68,35
3,2
3,1
3,3
10,245
10,71
10,291
10,101
10,175
10,65
10,105
10,107
10,2
10,3
11,21
11,7
11,9
11,11
11,5
11,15
11,25
11,2
57,3
57,2
57,1
57,0
56,3
56,2
56,1
9,5
56,0
55,3
55,2
9,1
55,1
9,7
55,0
54,3
9,2
54,2
54,1
9,3
54,0
53,4
53,3
53,2
53,1
8,9
53,0
52,3
8,5
8,18
52,2
52,1
8,11
52,0
51,5
51,4
51,3
8,2
51,2
51,1
8,3
0,320
51,0
50,3
50,2
50,1
50,0
49,5
49,4
49,3
49,2
49,1
49,0
48,3
48,2
48,1
48,0
47,3
47,2
47,1
47,0
46,3
46,2
46,1
46,0
45,4
45,3
45,2
45,1
45,0
44,3
44,2
44,1
44,0
43,1
43,3
43,2
37,4
37,3
37,1
36,4
36,3
